386.393
75.095
358.983
406.767
234.741
280.708
415.963
361.131
352.041
164.168
395.524
189.135
255.007
397.34
294.346
201.524
416.667
161.339
380.501
335.53
363.561
373.856
216.735
412.629
328.227
415.36
426.194
141.51
405.356
382.205
431.941
368.174
414.171
147.408
375.439
381.069
346.617
284.331
379.432
417.45
417.689
362.965
360.065
416.969
331.904
311.513
356.12
404.827
375.915
328.676
339.045
128.95
373.916
362.044
400.245
424.743
319.281
398.826
382.09
185.878
414.962
415.426
357.035
389.01
317.204
409.391
285.351
339.012
393.173
412.534
352.707
105.447
116.76
388.117
350.876
424.735
387.547
307.421
271.929
403.008
401.5
395.843
360.414
418.141
314.68
425
418.883
346.125
389.807
406.474
407.529
343.897
419.192
368.266
302.328
419.938
362.429
401.842
316.617
410.133
402.707
380.012
298.261
295.048
373.942
305.606
362.625
391.355
396.295
402.336
391.631
335.167
422.954
365.037
289.897
243.137
357.914
245.99
387.161
347.674
329.501
425.282
416.747
285.177
379.315
268.707
375.018
400.27
343.229
381.56
371.656
405.272
352.917
421.371
323.63
332.539
227.674
299.842
362.011
146.154
191.668
287.727
217.2
362.249
285.518
134.151
275.516
265.618
243.185
354.381
314.522
328.266
432.56
404.052
383.593
197.233
385.702
225.22
424.441
419.563
398.022
395.973
305.744
391.836
267.327
423.893
364.229
432.25
383.004
176.388
407.135
135.86
376.98
347.03
372.314
343.141
425.935
384.056
373.061
296.406
302.131
368.861
293.06
422.177
412.025
236.826
314.983
410.28
121.051
152.282
415.734
355.347
412.218
210.263
357.682
389.11
394.794
143.125
250.179
337.803
410.162
410.68
403.791
112.018
247.572
363.462
376.739
403.667
404.856
377.773
415.027
222.552
399.101
351.361
364.232
380.359
305.49
283.457
417.699
380.209
374.236
361.268
390.282
392.191
388.469
380.922
397.864
281.305
413.104
403.1
429.98
397.937
406.047
262.607
384.309
92.045
375.336
324.406
343.122
411.52
346.867
252.592
336.416
325.913
372.091
280.091
400.455
381.401
315.583
294.566
404
232.449
399.352
425.393
397.015
396.415
378.437
257.915
235.629
325.124
381.683
430.526
202.242
199.845
427.913
268.595
416.24
269.698
340.629
431.307
420.927
371.478
215.678
410.135
201.453
353.508
371.024
431.786
357.269
248.293
369.799
352.476
272.425
318.462
179.281
162.652
401.761
164.217
311.307
375.846
282.945
213.207
274.9
124.851
142.938
105.75
363.951
