1625.662
1665.949
1719.309
1672.283
1818.412
1814.891
1645.571
1516.863
1556.751
1773.651
1627.423
1796.307
1822.011
1590.444
1709.929
1804.338
1672.174
1767.894
1593.443
1760.069
1550.067
1676.377
1811.832
1673.06
1767.71
1621.736
1649.202
1750.563
1652.172
1647.448
1616.067
1596.923
1660.305
1757.524
1672.215
1650.979
1570.661
1729.718
1646.349
1646.363
1659.487
1602.411
1676.005
1638.116
1752.22
1665.415
1542.714
1625.439
1555.303
1766.601
1583.274
1737.66
1622.608
1609.098
1661.874
1639.685
1757.709
1604.567
1647.652
1782.974
1671.126
1625.678
1624.555
1636.403
1644.335
1618.937
1760.077
1704.915
1592.724
1658.432
1733.465
1709.981
1724.218
1614.479
1733.431
1622.821
1646.964
1739.2
1768.119
1620.265
1608.506
1654.208
1712.416
1618.877
1751.545
1631.47
1660.148
1744.169
1640.677
1618.719
1664.686
1637.315
1631.778
1555.903
1715.438
1651.108
1711.177
1614.761
1775.786
1627.563
1618.436
1617.619
1795.308
1746.494
1595.918
1789.914
1568.946
1612.5
1617.113
1665.562
1606.864
1657.414
1657.394
1700.023
1765.894
1811.865
1585.295
1818.121
1643.394
1695.29
1742.134
1654.972
1656.712
1750.237
1631.887
1815.454
1672.117
1631.086
1739.485
1631
1680.395
1647.344
1596.099
1638.977
1649.838
1759.578
1793.798
1776.778
1712.279
1756.377
1797.48
1809.765
1810.388
1626.327
1769.319
1743.161
1803.464
1752.568
1778.477
1630.573
1777.005
1592.109
1630.324
1649.101
1640.897
1787.312
1648.556
1788.257
1657.525
1668.165
1663.913
1649.944
1682.586
1655.083
1821.515
1618.852
1569.78
1624.76
1572.925
1778.472
1660.587
1745.328
1642.987
1744.198
1642.873
1577.262
1638.386
1625.755
1680.143
1801.952
1795.281
1693.27
1805.385
1642.478
1613.712
1782.958
1653.086
1622.88
1728.413
1762.385
1660.088
1611.032
1640.584
1790.23
1537.225
1575.064
1604.007
1753.077
1772.473
1750.691
1671.986
1624.652
1611.301
1717.328
1821.68
1697.112
1553.905
1600.861
1649.255
1551.447
1632.815
1814.023
1654.058
1653.102
1632.013
1650.003
1782.96
1804.4
1667.847
1649.197
1544.014
1597.077
1584.997
1652.535
1580.958
1650.936
1601
1786.424
1625.864
1667.524
1623.364
1632.26
1670.879
1787.999
1599.223
1690.667
1587.276
1723.678
1611.06
1621.12
1731.21
1783.809
1670.977
1755.403
1583.292
1789.558
1641.18
1645.773
1767.797
1761.458
1644.607
1804.224
1645.594
1654.212
1643.267
1658.968
1616.046
1821.53
1811.529
1677.708
1625.305
1617.597
1801.973
1795.733
1633.719
1802.897
1636.376
1789.865
1753.057
1616.096
1640.196
1617.456
1806.65
1617.03
1804.122
1730.873
1616.984
1620.166
1699.963
1817.714
1675.147
1678.428
1815.39
1774.767
1785.456
1771.522
1630.54
1773.174
1696.354
1671.087
1767.672
1798.059
1815.981
1733.381
1753.393
1709.891
1590.971
