1.218
0.958
0.064
0.879
1.005
1.285
1.201
0.884
1.144
0.978
0.809
1.298
0.692
1.265
1.283
1.18
0.938
0.81
1.16
0.615
0.895
1.154
1.234
1.328
1.075
1.205
1
1.187
1.16
0.978
0.489
0.489
0.424
0.98
1.242
1.099
1.306
1.365
0.802
1.091
1.345
0.982
1.179
1.252
0.603
1.133
0.874
1.375
1.18
0.919
0.849
1.241
0.91
1.263
1.179
0.682
0.955
1.197
1.254
1.065
1.019
0.844
1.139
0.994
1.3
1.217
1.229
0.988
1.157
1.233
0.994
0.498
0.498
1.001
0.731
1.085
0.824
0.935
1.239
0.473
1.102
1.097
1.28
0.941
1.126
1.109
1.156
1.217
0.735
1.245
1.274
1.153
1.156
1.133
1.033
1.151
1.234
1.251
1.106
1.142
1.162
1.277
0.939
1.242
0.998
1.238
1.035
1.044
1.096
0.916
1.098
1.255
0.962
0.941
0.938
0.903
1.191
1.082
0.41
1.28
1.343
1.31
1.112
1.207
1.309
1.332
0.9
1.282
1.355
1.348
1.325
1.296
1.256
1.257
0.967
1.292
1.211
1.273
1.263
0.858
1.183
1.004
1.181
0.967
0.95
0.448
0.448
1.336
0.923
0.672
1.275
1.205
1.322
0.883
0.955
0.766
1.088
0.945
0.492
0.779
0.98
0.854
0.876
0.731
1.199
1.188
1.029
0.944
0.908
1.167
1.13
1.372
1.007
1.108
1.225
0.967
0.96
0.567
1.235
1.179
1.325
1.1
1.183
1.24
1.187
1.332
1.324
1.283
0.824
1.171
1.352
1.217
1.314
1.02
1.09
1.265
1.204
1.067
1.151
0.956
1.283
1.375
0.959
1.286
1.239
1.143
1.198
1.243
1.334
1.156
1.291
1.318
1.043
1.353
0.982
1.152
1.246
1.258
1.385
1.045
1.176
1.267
1.025
1.261
1.316
1.231
1.279
1.268
1.315
1.075
1.26
0.94
1.126
1.373
1.238
1.073
1.177
1.203
1.157
0.922
1.107
1.055
0.838
0.709
0.824
1.218
0.848
1.292
1.289
1.152
0.622
0.914
0.943
0.709
0.997
1.069
0.929
0.967
1.243
1.274
0.351
1.112
1.236
1.25
0.922
1.213
0.966
1.314
1.168
1.088
1.242
1.194
1.197
1.173
1.203
1.11
1.181
0.907
1.088
1.272
0.889
1.294
1.144
1.227
1.107
0.967
0.99
1.241
1.003
0.479
0.478
1.218
1.268
1.036
1.213
1.062
1.182
1.162
1.331
0.983
1.088
1.053
1.067
1.221
1.348
1.097
1.281
1.217
1.217
1.084
1.341
0.91
1.359
1.228
1.289
1.107
1.291
1.39
0.919
0.95
1.343
1.244
1.247
1.337
1.317
1.306
1.331
1.266
1.307
0.782
0.701
0.996
0.704
0.842
0.982
1.154
0.74
0.94
0.907
1.292
1.372
1.301
1.293
1.239
1.303
1.327
1.227
1.325
1.36
0.96
1.212
0.945
1.185
1.038
1.149
1.118
1.269
1.282
1.414
1.307
1.112
1.034
0.972
1.289
1.272
0.384
1.219
1.248
0.836
1.124
0.895
1.248
1.057
1.152
1.357
1.232
1.125
1.274
1.279
0.968
0.722
1.202
1.005
1.15
0.815
0.933
0.404
0.404
