1	0	-1	386.393	1625.662
1	1	1	75.095	1665.949
5	2	-1	358.983	1719.309
4	1	-2	406.767	1672.283
3	2	1	234.741	1818.412
7	4	1	280.708	1814.891
7	-2	-5	415.963	1645.571
5	-1	-1	361.131	1516.863
8	-1	-1	352.041	1556.751
5	4	3	164.168	1773.651
7	1	-2	395.524	1627.423
4	3	2	189.135	1796.307
8	5	2	255.007	1822.011
13	-2	-5	397.34	1590.444
7	1	1	294.346	1709.929
11	8	5	201.524	1804.338
5	1	-3	416.667	1672.174
8	5	5	161.339	1767.894
5	0	-1	380.501	1593.443
11	5	-1	335.53	1760.069
4	-1	-1	363.561	1550.067
17	5	-4	373.856	1676.377
10	7	4	216.735	1811.832
9	2	-5	412.629	1673.06
17	8	-1	328.227	1767.71
14	-1	-13	415.36	1621.736
16	1	-11	426.194	1649.202
10	7	7	141.51	1750.563
16	-5	-11	405.356	1652.172
17	-7	-10	382.205	1647.448
9	-1	-8	431.941	1616.067
7	0	-1	368.174	1596.923
17	2	-13	414.171	1660.305
6	5	4	147.408	1757.524
14	5	-4	375.439	1672.215
4	1	-1	381.069	1650.979
11	-1	-1	346.617	1570.661
11	2	2	284.331	1729.718
19	-8	-11	379.432	1646.349
19	-5	-14	417.45	1646.363
8	1	-6	417.689	1659.487
11	-4	-4	362.965	1602.411
11	2	-1	360.065	1676.005
2	0	-1	416.969	1638.116
3	1	0	331.904	1752.22
13	1	1	311.513	1665.415
13	-2	-2	356.12	1542.714
20	-1	-19	404.827	1625.439
9	-1	-2	375.915	1555.303
26	11	-1	328.676	1766.601
20	-1	-1	339.045	1583.274
4	3	3	128.95	1737.66
13	1	-2	373.916	1622.608
13	-5	-5	362.044	1609.098
23	2	-19	400.245	1661.874
5	0	-3	424.743	1639.685
13	4	1	319.281	1757.709
11	-1	-4	398.826	1604.567
10	3	-3	382.09	1647.652
13	7	7	185.878	1782.974
29	5	-16	414.962	1671.126
14	-1	-7	415.426	1625.678
12	1	-1	357.035	1624.555
16	-5	-8	389.01	1636.403
19	1	1	317.204	1644.335
34	-5	-17	409.391	1618.937
37	10	7	285.351	1760.077
5	1	0	339.012	1704.915
9	-1	-3	393.173	1592.724
37	4	-17	412.534	1658.432
13	5	-2	352.707	1733.465
20	17	17	105.447	1709.981
5	4	4	116.76	1724.218
19	-5	-8	388.117	1614.479
9	3	-1	350.876	1733.431
11	-1	-7	424.735	1622.821
29	-10	-16	387.547	1646.964
9	2	1	307.421	1739.2
17	5	4	271.929	1768.119
16	1	-5	403.008	1620.265
20	-1	-7	401.5	1608.506
14	3	-5	395.843	1654.208
13	4	-2	360.414	1712.416
9	-1	-5	418.141	1618.877
11	3	1	314.68	1751.545
20	-1	-13	425	1631.47
11	1	-6	418.883	1660.148
19	7	-2	346.125	1744.169
23	5	-7	389.807	1640.677
11	0	-4	406.474	1618.719
25	4	-11	407.529	1664.686
25	2	-1	343.897	1637.315
8	-1	-5	419.192	1631.778
43	-5	-8	368.266	1555.903
25	4	3	302.328	1715.438
19	1	-10	419.938	1651.108
24	9	-5	362.429	1711.177
11	-2	-5	401.842	1614.761
25	10	1	316.617	1775.786
27	1	-10	410.133	1627.563
25	1	-8	402.707	1618.436
55	-17	-23	380.012	1617.619
9	4	1	298.261	1795.308
13	3	2	295.048	1746.494
17	-5	-6	373.942	1595.918
17	8	1	305.606	1789.914
34	-3	-5	362.625	1568.946
29	2	-7	391.355	1612.5
9	-2	-4	396.295	1617.113
19	4	-8	402.336	1665.562
32	-7	-13	391.631	1606.864
10	1	0	335.167	1657.414
13	1	-8	422.954	1657.394
59	17	-10	365.037	1700.023
17	5	3	289.897	1765.894
6	3	2	243.137	1811.865
43	-2	-5	357.914	1585.295
16	9	5	245.99	1818.121
15	3	-4	387.161	1643.394
31	6	-1	347.674	1695.29
25	7	1	329.501	1742.134
37	4	-26	425.282	1654.972
12	1	-6	416.747	1656.712
59	14	11	285.177	1750.237
17	2	-3	379.315	1631.887
31	16	7	268.707	1815.454
21	6	-5	375.018	1672.117
30	-7	-15	400.27	1631.086
19	6	-1	343.229	1739.485
15	-5	-7	381.56	1631
15	4	-3	371.656	1680.395
21	-6	-13	405.272	1647.344
13	0	-1	352.917	1596.099
15	-3	-10	421.371	1638.977
29	2	1	323.63	1649.838
29	11	-1	332.539	1759.578
33	14	13	227.674	1793.798
14	5	2	299.842	1776.778
31	11	-6	362.011	1712.279
25	18	17	146.154	1756.377
10	7	5	191.668	1797.48
31	16	4	287.727	1809.765
41	26	17	217.2	1810.388
39	-17	-18	362.249	1626.327
26	8	5	285.518	1769.319
29	24	21	134.151	1743.161
9	4	2	275.516	1803.464
4	1	1	265.618	1752.568
3	1	1	243.185	1778.477
2	-1	-1	354.381	1630.573
2	1	0	314.522	1777.005
1	0	0	328.266	1592.109
5	-1	-4	432.56	1630.324
3	-1	-2	404.052	1649.101
3	1	-1	383.593	1640.897
2	1	1	197.233	1787.312
5	-2	-3	385.702	1648.556
5	2	2	225.22	1788.257
7	1	-5	424.441	1657.525
11	2	-7	419.563	1668.165
7	2	-3	398.022	1663.913
11	-4	-7	395.973	1649.944
10	1	1	305.744	1682.586
13	4	-5	391.836	1655.083
5	3	1	267.327	1821.515
11	-1	-10	423.893	1618.852
7	-2	-2	364.229	1569.78
13	-2	-11	432.25	1624.76
17	-1	-4	383.004	1572.925
7	4	4	176.388	1778.472
10	1	-8	407.135	1660.587
7	6	5	135.86	1745.328
6	1	-1	376.98	1642.987
7	3	-1	347.03	1744.198
9	-4	-5	372.314	1642.873
14	-1	-1	343.141	1577.262
9	-2	-7	425.935	1638.386
10	1	-2	384.056	1625.755
11	4	-3	373.061	1680.143
13	7	1	296.406	1801.952
19	10	1	302.131	1795.281
8	3	-2	368.861	1693.27
11	6	1	293.06	1805.385
17	-4	-13	422.177	1642.478
8	-1	-4	412.025	1613.712
14	5	5	236.826	1782.958
16	1	1	314.983	1653.086
17	-1	-16	410.28	1622.88
9	8	7	121.051	1728.413
17	14	11	152.282	1762.385
10	1	-5	415.734	1660.088
25	1	-2	355.347	1611.032
5	-1	-3	412.218	1640.584
11	5	5	210.263	1790.23
6	-1	-1	357.682	1537.225
6	-1	-2	389.11	1575.064
19	1	-5	394.794	1604.007
19	16	13	143.125	1753.077
13	4	4	250.179	1772.473
23	8	-1	337.803	1750.691
26	5	-13	410.162	1671.986
5	0	-2	410.68	1624.652
3	0	-1	403.791	1611.301
11	10	9	112.018	1717.328
25	16	7	247.572	1821.68
8	2	-1	363.462	1697.112
31	-5	-8	376.739	1553.905
7	-1	-3	403.667	1600.861
8	1	-3	404.856	1649.255
11	-2	-3	377.773	1551.447
11	0	-5	415.027	1632.815
29	20	11	222.552	1814.023
11	2	-4	399.101	1654.058
17	2	-1	351.361	1653.102
9	1	-1	364.232	1632.013
9	2	-2	380.359	1650.003
10	4	1	305.49	1782.96
11	5	2	283.457	1804.4
7	1	-4	417.699	1667.847
14	3	-3	380.209	1649.197
43	-8	-11	374.236	1544.014
9	0	-1	361.268	1597.077
10	-1	-3	390.282	1584.997
20	5	-7	392.191	1652.535
47	-4	-13	388.469	1580.958
11	3	-3	380.922	1650.936
17	0	-5	397.864	1601
19	7	4	281.305	1786.424
17	-1	-8	413.104	1625.864
23	5	-10	403.1	1667.524
9	0	-7	429.98	1623.364
4	-1	-2	397.937	1632.26
32	7	-15	406.047	1670.879
11	4	3	262.607	1787.999
8	-2	-3	384.309	1599.223
23	22	21	92.045	1690.667
15	-4	-5	375.336	1587.276
19	4	1	324.406	1723.678
24	1	-1	343.122	1611.06
13	-1	-6	411.52	1621.12
17	5	-1	346.867	1731.21
23	8	7	252.592	1783.809
8	1	0	336.416	1670.977
22	7	1	325.913	1755.403
23	-1	-4	372.091	1583.292
24	9	5	280.091	1789.558
15	2	-5	400.455	1641.18
24	-9	-13	381.401	1645.773
15	5	1	315.583	1767.797
25	7	4	294.566	1761.458
74	-19	-43	404	1644.607
29	14	11	232.449	1804.224
7	-2	-4	399.352	1645.594
10	1	-7	425.393	1654.212
43	7	-14	397.015	1643.267
21	5	-8	396.415	1658.968
17	1	-3	378.437	1616.046
12	7	3	257.915	1821.53
11	6	4	235.629	1811.529
26	3	1	325.124	1677.708
53	5	-10	381.683	1625.305
14	-1	-10	430.526	1617.597
17	11	8	202.242	1801.973
41	23	20	199.845	1795.733
17	-3	-12	427.913	1633.719
16	7	4	268.595	1802.897
62	-1	-31	416.24	1636.376
8	3	2	269.698	1789.865
23	9	-2	340.629	1753.057
14	-1	-11	431.307	1616.096
47	2	-37	420.927	1640.196
17	-6	-7	371.478	1617.456
7	4	3	215.678	1806.65
22	-3	-11	410.135	1617.03
28	19	13	201.453	1804.122
14	5	-2	353.508	1730.873
35	2	-5	371.024	1616.984
10	-1	-8	431.786	1620.166
13	3	-1	357.269	1699.963
30	17	9	248.293	1817.714
14	3	-2	369.799	1675.147
18	3	-1	352.476	1678.428
29	15	6	272.425	1815.39
11	5	0	318.462	1774.767
9	6	5	179.281	1785.456
34	23	21	162.652	1771.522
21	0	-19	401.761	1630.54
23	17	14	164.217	1773.174
23	3	2	311.307	1696.354
19	6	-5	375.846	1671.087
10	3	2	282.945	1767.672
18	9	8	213.207	1798.059
21	11	4	274.9	1815.981
17	14	13	124.851	1733.381
16	13	11	142.938	1753.393
33	29	28	105.75	1709.891
3	-1	-1	363.951	1590.971
