0.000000000000000000e+00 4.630000000000000000e+02 4.630001279893516539e+02 2.005152339552538961e-06
1.000000000000000000e+00 3.240000000000000000e+02 3.240001340025107766e+02 2.005150496804362688e-06
5.000000000000000000e+00 4.460000000000000000e+02 4.460002245155959599e+02 2.005150357138306190e-06
6.000000000000000000e+00 4.770000000000000000e+02 4.770000317215919949e+02 2.005149545343230584e-06
1.000000000000000000e+01 3.270000000000000000e+02 3.270001220674774913e+02 2.005153735102880914e-06
1.200000000000000000e+01 2.820000000000000000e+02 2.820002290639757803e+02 2.005153764301746462e-06
1.700000000000000000e+01 3.250000000000000000e+02 3.250001351004746653e+02 2.005153872326446758e-06
1.900000000000000000e+01 2.560000000000000000e+02 2.560002405439461199e+02 2.005154031865495397e-06
2.000000000000000000e+01 3.070000000000000000e+02 3.070002051766052205e+02 2.005153090063303607e-06
2.100000000000000000e+01 4.660000000000000000e+02 4.659997996481878886e+02 2.005154385027439530e-06
2.400000000000000000e+01 4.410000000000000000e+02 4.409998984107885462e+02 2.005151707169504134e-06
2.500000000000000000e+01 4.730000000000000000e+02 4.730000038632848032e+02 2.005150035839762863e-06
2.600000000000000000e+01 3.820000000000000000e+02 3.820000599408360813e+02 2.005152725910151530e-06
2.700000000000000000e+01 4.390000000000000000e+02 4.390000430316756024e+02 2.005151692736604814e-06
2.900000000000000000e+01 3.760000000000000000e+02 3.760000612081101963e+02 2.005153563462401307e-06
3.400000000000000000e+01 4.940000000000000000e+02 4.939999087647292981e+02 2.005154166535548284e-06
3.500000000000000000e+01 4.490000000000000000e+02 4.489999339101156579e+02 2.005151301271966331e-06
3.600000000000000000e+01 5.100000000000000000e+02 5.099999603783813882e+02 2.005153812152358823e-06
3.700000000000000000e+01 5.010000000000000000e+02 5.009999850784209912e+02 2.005153977686611795e-06
3.800000000000000000e+01 3.140000000000000000e+02 3.139999915210119070e+02 2.005143756862424793e-06
4.300000000000000000e+01 4.720000000000000000e+02 4.720000165001315509e+02 2.005153966251314641e-06
4.600000000000000000e+01 3.540000000000000000e+02 3.540001642087557343e+02 2.005153700019833336e-06
4.700000000000000000e+01 5.150000000000000000e+02 5.149999050357700980e+02 2.005152674950914700e-06
4.900000000000000000e+01 3.310000000000000000e+02 3.310001159582231480e+02 2.005151451929230773e-06
5.000000000000000000e+01 3.140000000000000000e+02 3.140000122973259522e+02 2.005151465695996278e-06
5.200000000000000000e+01 3.480000000000000000e+02 3.480001165237738405e+02 2.005154380364502826e-06
5.500000000000000000e+01 3.070000000000000000e+02 3.070003484225815100e+02 2.005153514057476711e-06
5.600000000000000000e+01 4.000000000000000000e+02 3.999999962581891850e+02 2.005153193536089502e-06
5.700000000000000000e+01 4.660000000000000000e+02 4.660000543010804108e+02 2.005153403368241156e-06
5.800000000000000000e+01 4.790000000000000000e+02 4.789999171986823399e+02 2.005153726332119020e-06
5.900000000000000000e+01 3.650000000000000000e+02 3.650001681857671656e+02 2.005153853563677642e-06
6.000000000000000000e+01 4.070000000000000000e+02 4.069999594817329580e+02 2.005149547341632028e-06
6.100000000000000000e+01 3.240000000000000000e+02 3.240000118501214956e+02 2.005148454882175797e-06
6.300000000000000000e+01 3.470000000000000000e+02 3.470000896297828490e+02 2.005149228596601658e-06
6.400000000000000000e+01 5.160000000000000000e+02 5.159999374877496621e+02 2.005151052804053420e-06
6.500000000000000000e+01 4.440000000000000000e+02 4.440000580183541388e+02 2.005150257551300881e-06
6.600000000000000000e+01 4.660000000000000000e+02 4.659998969939444464e+02 2.005151768342792791e-06
6.800000000000000000e+01 4.490000000000000000e+02 4.490000088675638494e+02 2.005150234902751179e-06
6.900000000000000000e+01 4.470000000000000000e+02 4.470001441890793217e+02 2.005150445845125857e-06
7.000000000000000000e+01 3.780000000000000000e+02 3.780000535729007538e+02 2.005152109181261351e-06
7.500000000000000000e+01 3.950000000000000000e+02 3.950000788018728599e+02 2.005152782420503483e-06
7.600000000000000000e+01 3.440000000000000000e+02 3.440002614423318050e+02 2.005153372393018769e-06
7.800000000000000000e+01 4.400000000000000000e+02 4.400000441978674530e+02 2.005153526825041495e-06
8.000000000000000000e+01 4.430000000000000000e+02 4.430000175649628886e+02 2.005153241164657259e-06
8.100000000000000000e+01 4.000000000000000000e+02 4.000002103016323076e+02 2.005153297230920002e-06
8.300000000000000000e+01 3.800000000000000000e+02 3.800000475865282965e+02 2.005153737101282359e-06
8.600000000000000000e+01 4.700000000000000000e+02 4.699999900366182146e+02 2.005153616753106489e-06
8.700000000000000000e+01 4.600000000000000000e+02 4.599999892313411465e+02 2.005154148438912982e-06
8.800000000000000000e+01 2.980000000000000000e+02 2.980000982022068001e+02 2.005153921842393656e-06
9.200000000000000000e+01 4.510000000000000000e+02 4.509998867707774934e+02 2.005154218160918929e-06
9.700000000000000000e+01 4.550000000000000000e+02 4.549999348696305219e+02 2.005153921176259842e-06
9.800000000000000000e+01 4.410000000000000000e+02 4.409998659513648249e+02 2.005153563129334400e-06
9.900000000000000000e+01 4.670000000000000000e+02 4.669998316181042810e+02 2.005153328206142389e-06
1.000000000000000000e+02 4.000000000000000000e+02 4.000000595060974433e+02 2.005153808044533632e-06
1.020000000000000000e+02 3.820000000000000000e+02 3.819999826402161034e+02 2.005147835932839569e-06
1.040000000000000000e+02 3.890000000000000000e+02 3.890000049475905257e+02 2.005154004554008991e-06
1.050000000000000000e+02 4.770000000000000000e+02 4.769999685912335394e+02 2.005154205171309541e-06
1.060000000000000000e+02 4.020000000000000000e+02 4.020000132650582714e+02 2.005154269453222666e-06
1.070000000000000000e+02 3.690000000000000000e+02 3.690001190041965060e+02 2.005154437874055502e-06
1.080000000000000000e+02 4.130000000000000000e+02 4.129999557696677357e+02 2.005152530732943801e-06
1.100000000000000000e+02 4.260000000000000000e+02 4.259999131215184320e+02 2.005153690360893022e-06
1.110000000000000000e+02 4.800000000000000000e+02 4.799999500874455975e+02 2.005145480594692826e-06
1.130000000000000000e+02 3.340000000000000000e+02 3.340001474571701010e+02 2.005150791568575726e-06
1.140000000000000000e+02 3.590000000000000000e+02 3.590001000425981488e+02 2.005154443314148323e-06
1.170000000000000000e+02 4.120000000000000000e+02 4.119999645027618840e+02 2.005153872215424456e-06
1.190000000000000000e+02 5.040000000000000000e+02 5.039999282022281477e+02 2.005153871771335246e-06
1.210000000000000000e+02 4.990000000000000000e+02 4.989999176881440803e+02 2.005154255464412556e-06
1.240000000000000000e+02 5.210000000000000000e+02 5.209999139165880706e+02 2.005153754531783845e-06
1.260000000000000000e+02 3.640000000000000000e+02 3.640000554763634568e+02 2.005154094371051683e-06
1.270000000000000000e+02 4.850000000000000000e+02 4.849998932306363031e+02 2.005154198287926788e-06
1.290000000000000000e+02 5.260000000000000000e+02 5.259999099915025909e+02 2.005153909185851176e-06
1.300000000000000000e+02 5.150000000000000000e+02 5.149998640342976159e+02 2.005154194513168504e-06
1.310000000000000000e+02 5.330000000000000000e+02 5.329998572199029923e+02 2.005152284485476939e-06
1.320000000000000000e+02 4.690000000000000000e+02 4.689999975510360173e+02 2.005152810287101402e-06
1.380000000000000000e+02 4.740000000000000000e+02 4.739998973844348598e+02 2.005154206392554868e-06
1.390000000000000000e+02 3.570000000000000000e+02 3.570000894569116667e+02 2.005152557822385602e-06
1.420000000000000000e+02 4.340000000000000000e+02 4.339999537397012546e+02 2.005152676727271539e-06
1.460000000000000000e+02 2.320000000000000284e+02 2.320000765429852834e+02 2.005151454926832939e-06
1.470000000000000000e+02 4.890000000000000000e+02 4.889999047411839683e+02 2.005152060220425965e-06
1.480000000000000000e+02 3.910000000000000000e+02 3.910000348973910036e+02 2.005152575585953996e-06
1.490000000000000000e+02 2.720000000000000000e+02 2.720002417011719444e+02 2.005151435608952311e-06
1.510000000000000000e+02 4.690000000000000000e+02 4.690000591550040099e+02 2.005153854229811457e-06
1.520000000000000000e+02 4.950000000000000000e+02 4.950000120568338957e+02 2.005153846680294889e-06
1.540000000000000000e+02 3.450000000000000000e+02 3.449999793018494074e+02 2.005150696755529423e-06
1.550000000000000000e+02 3.030000000000000000e+02 3.029999835018484191e+02 2.005145393997296906e-06
1.570000000000000000e+02 3.500000000000000000e+02 3.500000449930668083e+02 2.005153822477432952e-06
1.600000000000000000e+02 3.700000000000000000e+02 3.699999657072714854e+02 2.005149727530828925e-06
1.630000000000000000e+02 2.890000000000000000e+02 2.890000822793566044e+02 2.005150233681505852e-06
1.640000000000000000e+02 4.790000000000000000e+02 4.789999711684101840e+02 2.005150284862787287e-06
1.660000000000000000e+02 4.450000000000000000e+02 4.449999961770298569e+02 2.005150553869826153e-06
1.670000000000000000e+02 3.270000000000000000e+02 3.270001975858081096e+02 2.005153969470961413e-06
1.700000000000000000e+02 4.180000000000000000e+02 4.180001337240632324e+02 2.005153818813696971e-06
1.720000000000000000e+02 4.040000000000000000e+02 4.040000203656563826e+02 2.005153779178734992e-06
1.730000000000000000e+02 3.960000000000000000e+02 3.960000947184136066e+02 2.005153910851185713e-06
1.740000000000000000e+02 4.410000000000000000e+02 4.410000309783113721e+02 2.005153998780849263e-06
1.750000000000000000e+02 4.160000000000000000e+02 4.159999153935889353e+02 2.005153638291433167e-06
1.810000000000000000e+02 4.360000000000000000e+02 4.360000503104027416e+02 2.005154317303835028e-06
1.830000000000000000e+02 4.490000000000000000e+02 4.490000207495768905e+02 2.005153935165069952e-06
1.840000000000000000e+02 4.430000000000000000e+02 4.429998557063892690e+02 2.005153622304221612e-06
1.860000000000000000e+02 5.160000000000000000e+02 5.159999012542904211e+02 2.005154042190569526e-06
1.870000000000000000e+02 4.860000000000000000e+02 4.859998362812357868e+02 2.005154337176827169e-06
1.880000000000000000e+02 3.330000000000000000e+02 3.330000919242745567e+02 2.005154174529154061e-06
1.890000000000000000e+02 4.600000000000000000e+02 4.599998551201562123e+02 2.005151933766023460e-06
1.910000000000000000e+02 4.750000000000000000e+02 4.749997994589791688e+02 2.005153936830404489e-06
1.920000000000000000e+02 5.050000000000000000e+02 5.049998567258078879e+02 2.005154170754395777e-06
1.940000000000000000e+02 4.450000000000000000e+02 4.450000271955318567e+02 2.005154071611479678e-06
1.950000000000000000e+02 4.940000000000000000e+02 4.940000033237757293e+02 2.005154043633859458e-06
1.970000000000000000e+02 3.970000000000000000e+02 3.969999598499002786e+02 2.005154015989306145e-06
1.990000000000000000e+02 3.880000000000000000e+02 3.880000263724352862e+02 2.005153831359217149e-06
2.020000000000000000e+02 3.830000000000000000e+02 3.829999779082253326e+02 2.005153671487101603e-06
2.050000000000000000e+02 4.410000000000000000e+02 4.409999353403916871e+02 2.005154389690376233e-06
2.070000000000000000e+02 4.830000000000000000e+02 4.829998222265060690e+02 2.005153929169865619e-06
2.080000000000000000e+02 5.220000000000000000e+02 5.219999144947989862e+02 2.005153860336038092e-06
2.100000000000000000e+02 4.900000000000000000e+02 4.899998246012729624e+02 2.005154170754395777e-06
2.110000000000000000e+02 5.080000000000000000e+02 5.079998607730148024e+02 2.005154282109765147e-06
2.120000000000000000e+02 4.030000000000000000e+02 4.029999263277821910e+02 2.005154188517964171e-06
2.140000000000000000e+02 3.380000000000000000e+02 3.379999863518193592e+02 2.005138053313680386e-06
2.180000000000000000e+02 5.390000000000000000e+02 5.389998206250420481e+02 2.005153970914251345e-06
2.190000000000000000e+02 4.000000000000000000e+02 3.999999540634305504e+02 2.005154262347795309e-06
2.220000000000000000e+02 3.850000000000000000e+02 3.850000489659537948e+02 2.005154141666552532e-06
2.230000000000000000e+02 4.890000000000000000e+02 4.889999108984857230e+02 2.005149554225014781e-06
2.250000000000000000e+02 4.990000000000000000e+02 4.989998536593031417e+02 2.005153684698755596e-06
2.260000000000000000e+02 4.960000000000000000e+02 4.959999282778444467e+02 2.005153876545294252e-06
2.280000000000000000e+02 4.980000000000000000e+02 4.979999996883930180e+02 2.005154100810345226e-06
2.300000000000000000e+02 4.960000000000000000e+02 4.959999011349860893e+02 2.005153815705072502e-06
2.310000000000000000e+02 3.510000000000000000e+02 3.510000723389002246e+02 2.005153784285760905e-06
2.360000000000000000e+02 4.140000000000000000e+02 4.140000948730807977e+02 2.005154076829527894e-06
2.400000000000000000e+02 4.620000000000000000e+02 4.619998550551463268e+02 2.005153712565353514e-06
2.410000000000000000e+02 4.590000000000000000e+02 4.589998167812343581e+02 2.005154044633060180e-06
2.420000000000000000e+02 3.200000000000000000e+02 3.200000270224743417e+02 2.005150511459306613e-06
2.470000000000000000e+02 4.880000000000000000e+02 4.879999922327626791e+02 2.005153968360738388e-06
2.510000000000000000e+02 3.390000000000000000e+02 3.390000060674036604e+02 2.005138567124896183e-06
2.520000000000000000e+02 3.640000000000000000e+02 3.640000380472313850e+02 2.005152675617048515e-06
2.530000000000000000e+02 2.810000000000000000e+02 2.810000274395408724e+02 2.005152327229063387e-06
2.550000000000000000e+02 4.550000000000000000e+02 4.549999354338254989e+02 2.005150670887332949e-06
2.570000000000000000e+02 3.890000000000000000e+02 3.890001122665200910e+02 2.005153736213103939e-06
2.580000000000000000e+02 4.680000000000000000e+02 4.679999123861372254e+02 2.005152331114843973e-06
2.590000000000000000e+02 4.880000000000000000e+02 4.879999052962083965e+02 2.005151213342302781e-06
2.610000000000000000e+02 4.640000000000000000e+02 4.639999636256926578e+02 2.005151295831873510e-06
2.630000000000000000e+02 4.940000000000000000e+02 4.939999231529307053e+02 2.005150384116725688e-06
2.640000000000000000e+02 3.400000000000000000e+02 3.400000208980638376e+02 2.005137760547868793e-06
2.660000000000000000e+02 3.890000000000000000e+02 3.890000843793092145e+02 2.005153643731525988e-06
2.670000000000000000e+02 5.020000000000000000e+02 5.019998733896398448e+02 2.005152442359191041e-06
2.700000000000000000e+02 4.880000000000000000e+02 4.879998472881786711e+02 2.005154146329489236e-06
2.740000000000000000e+02 4.590000000000000000e+02 4.589999540988787317e+02 2.005153191648710360e-06
2.750000000000000000e+02 4.120000000000000000e+02 4.120000585553963219e+02 2.005153157786908109e-06
2.760000000000000000e+02 4.540000000000000000e+02 4.539996920860373280e+02 2.005151580826123932e-06
2.770000000000000000e+02 3.310000000000000000e+02 3.310003235588161488e+02 2.005154170199284265e-06
2.780000000000000000e+02 4.280000000000000000e+02 4.279999836401838138e+02 2.005154043855904063e-06
2.800000000000000000e+02 3.360000000000000000e+02 3.360001478113484268e+02 2.005154158875009414e-06
2.820000000000000000e+02 4.420000000000000000e+02 4.420000427795443443e+02 2.005154283219988172e-06
2.870000000000000000e+02 4.850000000000000000e+02 4.849999298690061664e+02 2.005151529755864799e-06
2.910000000000000000e+02 4.720000000000000000e+02 4.719999415902677242e+02 2.005148889978579148e-06
2.930000000000000000e+02 3.690000000000000000e+02 3.690001175517216438e+02 2.005152752999593331e-06
2.940000000000000000e+02 4.710000000000000000e+02 4.709999343435719652e+02 2.005154064395030018e-06
2.950000000000000000e+02 3.840000000000000000e+02 3.840000499717790490e+02 2.005152659740859262e-06
2.970000000000000000e+02 4.750000000000000000e+02 4.749999196755703679e+02 2.005153950153080784e-06
2.990000000000000000e+02 3.390000000000000000e+02 3.390000775866092795e+02 2.005140720957563956e-06
3.010000000000000000e+02 3.960000000000000000e+02 3.959999919228130807e+02 2.005152803514740951e-06
3.050000000000000000e+02 4.540000000000000000e+02 4.539998728023031731e+02 2.005153739987862223e-06
3.070000000000000000e+02 4.340000000000000000e+02 4.340000064344420139e+02 2.005154108692928701e-06
3.090000000000000000e+02 4.400000000000000000e+02 4.399998019598502879e+02 2.005153952040459926e-06
3.120000000000000000e+02 5.170000000000000000e+02 5.169998121353598890e+02 2.005153866553287030e-06
3.150000000000000000e+02 4.300000000000000000e+02 4.299998620728831611e+02 2.005153967361537666e-06
3.170000000000000000e+02 5.370000000000000000e+02 5.369998323717660469e+02 2.005153717339312520e-06
3.180000000000000000e+02 3.830000000000000000e+02 3.830000400852169378e+02 2.005153598434426583e-06
3.190000000000000000e+02 3.740000000000000000e+02 3.740000453772922810e+02 2.005153370727684232e-06
3.260000000000000000e+02 5.060000000000000000e+02 5.059999869217986088e+02 2.005153852453454617e-06
3.270000000000000000e+02 4.700000000000000000e+02 4.700000416346144902e+02 2.005153866109197820e-06
3.280000000000000000e+02 5.180000000000000000e+02 5.179998164013245514e+02 2.005154121016404274e-06
3.290000000000000000e+02 3.280000000000000000e+02 3.280002198653047571e+02 2.005151996049535142e-06
3.310000000000000000e+02 3.750000000000000000e+02 3.750001262501566544e+02 2.005152482216197625e-06
3.320000000000000000e+02 2.870000000000000000e+02 2.870000579267561989e+02 2.005152840818234579e-06
3.340000000000000000e+02 3.480000000000000000e+02 3.480001784499052633e+02 2.005147065216015874e-06
3.350000000000000000e+02 4.300000000000000000e+02 4.300000148597228531e+02 2.005151964630223545e-06
3.360000000000000000e+02 2.970000000000000000e+02 2.970000618202270743e+02 2.005152815394127315e-06
3.370000000000000000e+02 3.370000000000000000e+02 3.370000955047638627e+02 2.005154058288803383e-06
3.400000000000000000e+02 5.020000000000000000e+02 5.019999247431475737e+02 2.005153955482151302e-06
3.430000000000000000e+02 4.780000000000000000e+02 4.779999293673268426e+02 2.005153988899864344e-06
3.450000000000000000e+02 4.760000000000000000e+02 4.759999306702530362e+02 2.005152988699941459e-06
3.460000000000000000e+02 4.790000000000000000e+02 4.790000176307469246e+02 2.005154112023597775e-06
3.490000000000000000e+02 3.820000000000000000e+02 3.820000077707987316e+02 2.005152662516416824e-06
3.500000000000000000e+02 4.650000000000000000e+02 4.650000180303871389e+02 2.005154216717628997e-06
3.510000000000000000e+02 3.450000000000000000e+02 3.450000721493344713e+02 2.005153952706593741e-06
3.530000000000000000e+02 4.120000000000000000e+02 4.120000230437127584e+02 2.005154180413336091e-06
3.550000000000000000e+02 4.550000000000000000e+02 4.549999627970413485e+02 2.005151583379636888e-06
3.600000000000000000e+02 4.280000000000000000e+02 4.279999259594554246e+02 2.005153907631538941e-06
3.610000000000000000e+02 4.480000000000000000e+02 4.480000165999755950e+02 2.005154184188094375e-06
3.620000000000000000e+02 3.760000000000000000e+02 3.760000293983646316e+02 2.005153955371129000e-06
3.640000000000000000e+02 4.820000000000000000e+02 4.819999548471797652e+02 2.005150641577445099e-06
3.650000000000000000e+02 1.800000000000000284e+02 1.800005388348401709e+02 2.005153920510126027e-06
3.670000000000000000e+02 4.340000000000000000e+02 4.340000837053630676e+02 2.005153966362336944e-06
3.730000000000000000e+02 4.650000000000000000e+02 4.649998557313146534e+02 2.005153801161150880e-06
3.740000000000000000e+02 5.170000000000000000e+02 5.169998714863011173e+02 2.005152302915179148e-06
3.750000000000000000e+02 4.660000000000000000e+02 4.659998542261363923e+02 2.005153542368163839e-06
3.760000000000000000e+02 4.710000000000000000e+02 4.709999092505588578e+02 2.005150664114972499e-06
3.780000000000000000e+02 4.830000000000000000e+02 4.829998213033479146e+02 2.005142633316723873e-06
3.840000000000000000e+02 3.400000000000000000e+02 3.400001847450482728e+02 2.005154296764709072e-06
3.860000000000000000e+02 2.010000000000000000e+02 2.010003725979148044e+02 2.005154554447473088e-06
3.870000000000000000e+02 2.000000000000000284e+02 2.000002231104151633e+02 2.005151186252860980e-06
